0.000000 -5.000000 0.000000
0.000000 -5.000000 0.000000
0.000000 -5.000000 0.000000
0.000000 -5.000000 0.000000
0.000000 -5.000000 0.000000
0.000000 -5.000000 0.000000
0.000000 -5.000000 0.000000
0.000000 -5.000000 0.000000
0.000000 -5.000000 0.000000
0.000000 -5.000000 0.000000
0.000000 -5.000000 0.000000
0.000000 -5.000000 0.000000
0.000000 -5.000000 0.000000
0.000000 -5.000000 0.000000
0.000000 -5.000000 0.000000
0.000000 -5.000000 0.000000
0.000000 -5.000000 0.000000
0.000000 -5.000000 0.000000
0.000000 -5.000000 0.000000
0.000000 -5.000000 0.000000
0.000000 -5.000000 0.000000
0.000000 -5.000000 0.000000
0.000000 -5.000000 0.000000
0.000000 -5.000000 0.000000
0.000000 -5.000000 0.000000
-0.000000 -5.000000 0.000000
-0.000000 -5.000000 0.000000
-0.000000 -5.000000 0.000000
-0.000000 -5.000000 0.000000
-0.000000 -5.000000 0.000000
-0.000000 -5.000000 0.000000
-0.000000 -5.000000 0.000000
-0.000000 -5.000000 0.000000
-0.000000 -5.000000 0.000000
-0.000000 -5.000000 0.000000
-0.000000 -5.000000 0.000000
-0.000000 -5.000000 0.000000
-0.000000 -5.000000 0.000000
-0.000000 -5.000000 0.000000
-0.000000 -5.000000 0.000000
-0.000000 -5.000000 0.000000
-0.000000 -5.000000 0.000000
-0.000000 -5.000000 0.000000
-0.000000 -5.000000 0.000000
-0.000000 -5.000000 0.000000
-0.000000 -5.000000 0.000000
-0.000000 -5.000000 0.000000
-0.000000 -5.000000 0.000000
-0.000000 -5.000000 0.000000
-0.000000 -5.000000 0.000000
-0.845655 -4.936053 -0.000000
-0.843917 -4.936053 -0.054181
-0.838712 -4.936053 -0.108140
-0.830060 -4.936053 -0.161654
-0.817998 -4.936053 -0.214504
-0.802574 -4.936053 -0.266473
-0.783852 -4.936053 -0.317346
-0.761909 -4.936053 -0.366916
-0.736835 -4.936053 -0.414978
-0.708733 -4.936053 -0.461334
-0.677719 -4.936053 -0.505795
-0.643920 -4.936053 -0.548177
-0.607476 -4.936053 -0.588307
-0.568534 -4.936053 -0.626020
-0.527257 -4.936053 -0.661160
-0.483813 -4.936053 -0.693583
-0.438381 -4.936053 -0.723156
-0.391148 -4.936053 -0.749757
-0.342307 -4.936053 -0.773277
-0.292060 -4.936053 -0.793620
-0.240612 -4.936053 -0.810702
-0.188176 -4.936053 -0.824452
-0.134966 -4.936053 -0.834815
-0.081202 -4.936053 -0.841747
-0.027105 -4.936053 -0.845220
0.027105 -4.936053 -0.845220
0.081202 -4.936053 -0.841747
0.134966 -4.936053 -0.834815
0.188176 -4.936053 -0.824452
0.240612 -4.936053 -0.810702
0.292060 -4.936053 -0.793620
0.342307 -4.936053 -0.773277
0.391148 -4.936053 -0.749757
0.438381 -4.936053 -0.723156
0.483813 -4.936053 -0.693583
0.527257 -4.936053 -0.661160
0.568534 -4.936053 -0.626020
0.607476 -4.936053 -0.588307
0.643920 -4.936053 -0.548177
0.677719 -4.936053 -0.505795
0.708733 -4.936053 -0.461334
0.736835 -4.936053 -0.414978
0.761909 -4.936053 -0.366916
0.783852 -4.936053 -0.317346
0.802574 -4.936053 -0.266473
0.817998 -4.936053 -0.214504
0.830060 -4.936053 -0.161654
0.838712 -4.936053 -0.108140
0.843917 -4.936053 -0.054181
0.845655 -4.936053 -0.000000
-1.554605 -4.754760 -0.000000
-1.551411 -4.754760 -0.099604
-1.541842 -4.754760 -0.198798
-1.525937 -4.754760 -0.297176
-1.503761 -4.754760 -0.394333
-1.475407 -4.754760 -0.489869
-1.440989 -4.754760 -0.583392
-1.400651 -4.754760 -0.674518
-1.354556 -4.754760 -0.762872
-1.302896 -4.754760 -0.848091
-1.245882 -4.754760 -0.929826
-1.183748 -4.754760 -1.007739
-1.116750 -4.754760 -1.081512
-1.045162 -4.754760 -1.150840
-0.969280 -4.754760 -1.215439
-0.889415 -4.754760 -1.275044
-0.805896 -4.754760 -1.329409
-0.719064 -4.754760 -1.378312
-0.629278 -4.754760 -1.421551
-0.536906 -4.754760 -1.458948
-0.442328 -4.754760 -1.490350
-0.345932 -4.754760 -1.515628
-0.248115 -4.754760 -1.534678
-0.149278 -4.754760 -1.547421
-0.049828 -4.754760 -1.553806
0.049828 -4.754760 -1.553806
0.149278 -4.754760 -1.547421
0.248115 -4.754760 -1.534678
0.345932 -4.754760 -1.515628
0.442328 -4.754760 -1.490350
0.536906 -4.754760 -1.458948
0.629278 -4.754760 -1.421551
0.719064 -4.754760 -1.378312
0.805896 -4.754760 -1.329409
0.889416 -4.754760 -1.275044
0.969280 -4.754760 -1.215439
1.045162 -4.754760 -1.150840
1.116750 -4.754760 -1.081512
1.183748 -4.754760 -1.007739
1.245882 -4.754760 -0.929826
1.302896 -4.754760 -0.848091
1.354556 -4.754760 -0.762872
1.400651 -4.754760 -0.674518
1.440989 -4.754760 -0.583392
1.475407 -4.754760 -0.489869
1.503761 -4.754760 -0.394333
1.525937 -4.754760 -0.297176
1.541842 -4.754760 -0.198798
1.551411 -4.754760 -0.099604
1.554605 -4.754760 -0.000000
-2.139263 -4.471440 -0.000000
-2.134868 -4.471440 -0.137063
-2.121700 -4.471440 -0.273563
-2.099813 -4.471440 -0.408939
-2.069298 -4.471440 -0.542634
-2.030280 -4.471440 -0.674099
-1.982919 -4.471440 -0.802795
-1.927410 -4.471440 -0.928192
-1.863980 -4.471440 -1.049774
-1.792891 -4.471440 -1.167043
-1.714435 -4.471440 -1.279516
-1.628933 -4.471440 -1.386731
-1.536738 -4.471440 -1.488248
-1.438229 -4.471440 -1.583649
-1.333809 -4.471440 -1.672543
-1.223908 -4.471440 -1.754564
-1.108978 -4.471440 -1.829375
-0.989491 -4.471440 -1.896669
-0.865938 -4.471440 -1.956169
-0.738827 -4.471440 -2.007631
-0.608679 -4.471440 -2.050843
-0.476031 -4.471440 -2.085627
-0.341426 -4.471440 -2.111842
-0.205418 -4.471440 -2.129378
-0.068567 -4.471440 -2.138164
0.068567 -4.471440 -2.138164
0.205418 -4.471440 -2.129378
0.341426 -4.471440 -2.111842
0.476031 -4.471440 -2.085627
0.608679 -4.471440 -2.050843
0.738827 -4.471440 -2.007631
0.865938 -4.471440 -1.956169
0.989491 -4.471440 -1.896669
1.108978 -4.471440 -1.829376
1.223908 -4.471440 -1.754564
1.333809 -4.471440 -1.672543
1.438229 -4.471440 -1.583649
1.536738 -4.471440 -1.488248
1.628933 -4.471440 -1.386731
1.714435 -4.471440 -1.279516
1.792891 -4.471440 -1.167043
1.863980 -4.471440 -1.049774
1.927410 -4.471440 -0.928191
1.982919 -4.471440 -0.802795
2.030280 -4.471440 -0.674100
2.069298 -4.471440 -0.542634
2.099813 -4.471440 -0.408938
2.121700 -4.471440 -0.273563
2.134868 -4.471440 -0.137063
2.139263 -4.471440 -0.000000
-2.611181 -4.100749 -0.000000
-2.605816 -4.100749 -0.167299
-2.589744 -4.100749 -0.333910
-2.563029 -4.100749 -0.499150
-2.525782 -4.100749 -0.662338
-2.478157 -4.100749 -0.822805
-2.420348 -4.100749 -0.979890
-2.352593 -4.100749 -1.132949
-2.275171 -4.100749 -1.281353
-2.188400 -4.100749 -1.424491
-2.092636 -4.100749 -1.561775
-1.988274 -4.100749 -1.692642
-1.875740 -4.100749 -1.816553
-1.755500 -4.100749 -1.933000
-1.628045 -4.100749 -2.041504
-1.493900 -4.100749 -2.141618
-1.353617 -4.100749 -2.232933
-1.207771 -4.100749 -2.315072
-1.056963 -4.100749 -2.387697
-0.901811 -4.100749 -2.450511
-0.742953 -4.100749 -2.503256
-0.581042 -4.100749 -2.545714
-0.416744 -4.100749 -2.577711
-0.250733 -4.100749 -2.599115
-0.083692 -4.100749 -2.609840
0.083692 -4.100749 -2.609840
0.250733 -4.100749 -2.599115
0.416744 -4.100749 -2.577711
0.581043 -4.100749 -2.545713
0.742953 -4.100749 -2.503256
0.901811 -4.100749 -2.450511
1.056963 -4.100749 -2.387697
1.207771 -4.100749 -2.315072
1.353617 -4.100749 -2.232933
1.493901 -4.100749 -2.141618
1.628045 -4.100749 -2.041504
1.755500 -4.100749 -1.933000
1.875740 -4.100749 -1.816553
1.988273 -4.100749 -1.692642
2.092636 -4.100749 -1.561775
2.188400 -4.100749 -1.424490
2.275171 -4.100749 -1.281352
2.352593 -4.100749 -1.132949
2.420348 -4.100749 -0.979890
2.478157 -4.100749 -0.822805
2.525782 -4.100749 -0.662338
2.563029 -4.100749 -0.499150
2.589744 -4.100749 -0.333910
2.605816 -4.100749 -0.167299
2.611181 -4.100749 -0.000000
-2.981090 -3.656675 -0.000000
-2.974965 -3.656675 -0.190999
-2.956615 -3.656675 -0.381213
-2.926116 -3.656675 -0.569861
-2.883593 -3.656675 -0.756167
-2.829221 -3.656675 -0.939366
-2.763222 -3.656675 -1.118705
-2.685869 -3.656675 -1.293447
-2.597479 -3.656675 -1.462873
-2.498416 -3.656675 -1.626289
-2.389086 -3.656675 -1.783021
-2.269939 -3.656675 -1.932427
-2.141464 -3.656675 -2.073892
-2.004189 -3.656675 -2.206835
-1.858679 -3.656675 -2.330710
-1.705531 -3.656675 -2.445007
-1.545375 -3.656675 -2.549258
-1.378868 -3.656675 -2.643032
-1.206696 -3.656675 -2.725946
-1.029564 -3.656675 -2.797659
-0.848202 -3.656675 -2.857875
-0.663355 -3.656675 -2.906348
-0.475782 -3.656675 -2.942878
-0.286253 -3.656675 -2.967315
-0.095549 -3.656675 -2.979558
0.095549 -3.656675 -2.979558
0.286253 -3.656675 -2.967315
0.475781 -3.656675 -2.942878
0.663355 -3.656675 -2.906348
0.848202 -3.656675 -2.857875
1.029564 -3.656675 -2.797659
1.206696 -3.656675 -2.725946
1.378868 -3.656675 -2.643032
1.545375 -3.656675 -2.549258
1.705531 -3.656675 -2.445007
1.858679 -3.656675 -2.330710
2.004189 -3.656675 -2.206835
2.141464 -3.656675 -2.073892
2.269939 -3.656675 -1.932427
2.389086 -3.656675 -1.783021
2.498416 -3.656675 -1.626288
2.597480 -3.656675 -1.462873
2.685869 -3.656675 -1.293446
2.763222 -3.656675 -1.118705
2.829221 -3.656675 -0.939366
2.883593 -3.656675 -0.756167
2.926116 -3.656675 -0.569861
2.956615 -3.656675 -0.381213
2.974965 -3.656675 -0.190999
2.981090 -3.656675 -0.000000
-3.258935 -3.152540 -0.000000
-3.252239 -3.152540 -0.208801
-3.232179 -3.152540 -0.416743
-3.198838 -3.152540 -0.622974
-3.152351 -3.152540 -0.826644
-3.092911 -3.152540 -1.026917
-3.020761 -3.152540 -1.222971
-2.936199 -3.152540 -1.413999
-2.839571 -3.152540 -1.599217
-2.731275 -3.152540 -1.777863
-2.611755 -3.152540 -1.949203
-2.481503 -3.152540 -2.112534
-2.341054 -3.152540 -2.267184
-2.190985 -3.152540 -2.412518
-2.031913 -3.152540 -2.547938
-1.864491 -3.152540 -2.672888
-1.689408 -3.152540 -2.786855
-1.507382 -3.152540 -2.889370
-1.319163 -3.152540 -2.980011
-1.125522 -3.152540 -3.058408
-0.927257 -3.152540 -3.124236
-0.725181 -3.152540 -3.177227
-0.520126 -3.152540 -3.217161
-0.312933 -3.152540 -3.243876
-0.104454 -3.152540 -3.257261
0.104454 -3.152540 -3.257261
0.312933 -3.152540 -3.243876
0.520125 -3.152540 -3.217161
0.725182 -3.152540 -3.177227
0.927257 -3.152540 -3.124236
1.125522 -3.152540 -3.058408
1.319163 -3.152540 -2.980011
1.507382 -3.152540 -2.889370
1.689408 -3.152540 -2.786855
1.864491 -3.152540 -2.672888
2.031913 -3.152540 -2.547938
2.190985 -3.152540 -2.412518
2.341054 -3.152540 -2.267184
2.481503 -3.152540 -2.112534
2.611755 -3.152540 -1.949204
2.731275 -3.152540 -1.777863
2.839571 -3.152540 -1.599216
2.936199 -3.152540 -1.413999
3.020761 -3.152540 -1.222971
3.092911 -3.152540 -1.026917
3.152351 -3.152540 -0.826644
3.198838 -3.152540 -0.622973
3.232179 -3.152540 -0.416743
3.252239 -3.152540 -0.208801
3.258935 -3.152540 -0.000000
-3.453918 -2.600999 -0.000000
-3.446822 -2.600999 -0.221293
-3.425561 -2.600999 -0.441677
-3.390225 -2.600999 -0.660246
-3.340957 -2.600999 -0.876102
-3.277961 -2.600999 -1.088358
-3.201494 -2.600999 -1.296142
-3.111873 -2.600999 -1.498599
-3.009463 -2.600999 -1.694898
-2.894688 -2.600999 -1.884233
-2.768017 -2.600999 -2.065825
-2.629972 -2.600999 -2.238928
-2.481120 -2.600999 -2.402831
-2.322072 -2.600999 -2.556859
-2.153483 -2.600999 -2.700382
-1.976044 -2.600999 -2.832808
-1.790486 -2.600999 -2.953593
-1.597569 -2.600999 -3.062241
-1.398088 -2.600999 -3.158306
-1.192863 -2.600999 -3.241393
-0.982735 -2.600999 -3.311160
-0.768569 -2.600999 -3.367321
-0.551245 -2.600999 -3.409645
-0.331656 -2.600999 -3.437958
-0.110703 -2.600999 -3.452143
0.110703 -2.600999 -3.452143
0.331656 -2.600999 -3.437958
0.551245 -2.600999 -3.409645
0.768569 -2.600999 -3.367321
0.982735 -2.600999 -3.311160
1.192863 -2.600999 -3.241393
1.398088 -2.600999 -3.158306
1.597569 -2.600999 -3.062241
1.790485 -2.600999 -2.953593
1.976044 -2.600999 -2.832808
2.153483 -2.600999 -2.700382
2.322072 -2.600999 -2.556859
2.481120 -2.600999 -2.402831
2.629972 -2.600999 -2.238928
2.768017 -2.600999 -2.065825
2.894688 -2.600999 -1.884233
3.009464 -2.600999 -1.694898
3.111873 -2.600999 -1.498599
3.201494 -2.600999 -1.296142
3.277961 -2.600999 -1.088358
3.340957 -2.600999 -0.876102
3.390225 -2.600999 -0.660246
3.425561 -2.600999 -0.441677
3.446822 -2.600999 -0.221293
3.453918 -2.600999 -0.000000
-3.574532 -2.014045 -0.000000
-3.567188 -2.014045 -0.229021
-3.545185 -2.014045 -0.457101
-3.508615 -2.014045 -0.683303
-3.457627 -2.014045 -0.906696
-3.392430 -2.014045 -1.126364
-3.313294 -2.014045 -1.341404
-3.220542 -2.014045 -1.550931
-3.114557 -2.014045 -1.754086
-2.995773 -2.014045 -1.950032
-2.864679 -2.014045 -2.137965
-2.721813 -2.014045 -2.317113
-2.567763 -2.014045 -2.486740
-2.403161 -2.014045 -2.646147
-2.228684 -2.014045 -2.794682
-2.045049 -2.014045 -2.931732
-1.853011 -2.014045 -3.056735
-1.653358 -2.014045 -3.169178
-1.446911 -2.014045 -3.268597
-1.234519 -2.014045 -3.354585
-1.017053 -2.014045 -3.426789
-0.795408 -2.014045 -3.484911
-0.570495 -2.014045 -3.528713
-0.343237 -2.014045 -3.558015
-0.114569 -2.014045 -3.572695
0.114569 -2.014045 -3.572695
0.343237 -2.014045 -3.558015
0.570495 -2.014045 -3.528713
0.795408 -2.014045 -3.484911
1.017053 -2.014045 -3.426789
1.234519 -2.014045 -3.354585
1.446911 -2.014045 -3.268597
1.653358 -2.014045 -3.169178
1.853011 -2.014045 -3.056735
2.045050 -2.014045 -2.931732
2.228684 -2.014045 -2.794682
2.403161 -2.014045 -2.646147
2.567763 -2.014045 -2.486740
2.721813 -2.014045 -2.317113
2.864679 -2.014045 -2.137965
2.995773 -2.014045 -1.950032
3.114557 -2.014045 -1.754085
3.220542 -2.014045 -1.550931
3.313294 -2.014045 -1.341404
3.392430 -2.014045 -1.126365
3.457626 -2.014045 -0.906697
3.508615 -2.014045 -0.683302
3.545185 -2.014045 -0.457101
3.567188 -2.014045 -0.229021
3.574532 -2.014045 -0.000000
-3.628602 -1.402998 -0.000000
-3.621146 -1.402998 -0.232485
-3.598811 -1.402998 -0.464015
-3.561687 -1.402998 -0.693639
-3.509928 -1.402998 -0.920411
-3.443745 -1.402998 -1.143402
-3.363412 -1.402998 -1.361695
-3.269257 -1.402998 -1.574391
-3.161669 -1.402998 -1.780619
-3.041088 -1.402998 -1.979529
-2.908011 -1.402998 -2.170305
-2.762984 -1.402998 -2.352163
-2.606604 -1.402998 -2.524355
-2.439512 -1.402998 -2.686174
-2.262396 -1.402998 -2.836955
-2.075984 -1.402998 -2.976079
-1.881040 -1.402998 -3.102973
-1.678367 -1.402998 -3.217116
-1.468798 -1.402998 -3.318039
-1.253192 -1.402998 -3.405328
-1.032437 -1.402998 -3.478624
-0.807440 -1.402998 -3.537625
-0.579125 -1.402998 -3.582090
-0.348429 -1.402998 -3.611835
-0.116302 -1.402998 -3.626738
0.116302 -1.402998 -3.626738
0.348429 -1.402998 -3.611835
0.579124 -1.402998 -3.582090
0.807440 -1.402998 -3.537625
1.032437 -1.402998 -3.478624
1.253192 -1.402998 -3.405328
1.468798 -1.402998 -3.318039
1.678367 -1.402998 -3.217116
1.881040 -1.402998 -3.102973
2.075984 -1.402998 -2.976078
2.262396 -1.402998 -2.836955
2.439512 -1.402998 -2.686174
2.606604 -1.402998 -2.524355
2.762984 -1.402998 -2.352163
2.908011 -1.402998 -2.170305
3.041088 -1.402998 -1.979529
3.161669 -1.402998 -1.780618
3.269257 -1.402998 -1.574391
3.363412 -1.402998 -1.361695
3.443745 -1.402998 -1.143402
3.509928 -1.402998 -0.920412
3.561687 -1.402998 -0.693638
3.598811 -1.402998 -0.464015
3.621146 -1.402998 -0.232485
3.628602 -1.402998 -0.000000
-3.623321 -0.778518 -0.000000
-3.615876 -0.778518 -0.232147
-3.593573 -0.778518 -0.463340
-3.556504 -0.778518 -0.692629
-3.504820 -0.778518 -0.919072
-3.438733 -0.778518 -1.141738
-3.358517 -0.778518 -1.359713
-3.264499 -0.778518 -1.572100
-3.157067 -0.778518 -1.778027
-3.036662 -0.778518 -1.976648
-2.903779 -0.778518 -2.167146
-2.758963 -0.778518 -2.348739
-2.602810 -0.778518 -2.520681
-2.435962 -0.778518 -2.682265
-2.259104 -0.778518 -2.832826
-2.072962 -0.778518 -2.971747
-1.878303 -0.778518 -3.098457
-1.675924 -0.778518 -3.212434
-1.466660 -0.778518 -3.313210
-1.251368 -0.778518 -3.400372
-1.030935 -0.778518 -3.473561
-0.806265 -0.778518 -3.532477
-0.578282 -0.778518 -3.576876
-0.347922 -0.778518 -3.606578
-0.116133 -0.778518 -3.621459
0.116133 -0.778518 -3.621459
0.347922 -0.778518 -3.606578
0.578281 -0.778518 -3.576876
0.806265 -0.778518 -3.532476
1.030935 -0.778518 -3.473561
1.251368 -0.778518 -3.400372
1.466660 -0.778518 -3.313210
1.675924 -0.778518 -3.212434
1.878302 -0.778518 -3.098457
2.072963 -0.778518 -2.971747
2.259104 -0.778518 -2.832826
2.435962 -0.778518 -2.682265
2.602810 -0.778518 -2.520681
2.758963 -0.778518 -2.348740
2.903779 -0.778518 -2.167146
3.036662 -0.778518 -1.976648
3.157067 -0.778518 -1.778027
3.264499 -0.778518 -1.572100
3.358517 -0.778518 -1.359713
3.438733 -0.778518 -1.141738
3.504820 -0.778518 -0.919072
3.556504 -0.778518 -0.692629
3.593573 -0.778518 -0.463340
3.615876 -0.778518 -0.232147
3.623321 -0.778518 -0.000000
-3.565290 -0.150598 -0.000000
-3.557965 -0.150598 -0.228429
-3.536019 -0.150598 -0.455919
-3.499543 -0.150598 -0.681536
-3.448687 -0.150598 -0.904352
-3.383659 -0.150598 -1.123452
-3.304727 -0.150598 -1.337936
-3.212215 -0.150598 -1.546921
-3.106504 -0.150598 -1.749550
-2.988027 -0.150598 -1.944990
-2.857272 -0.150598 -2.132438
-2.714776 -0.150598 -2.311122
-2.561124 -0.150598 -2.480310
-2.396948 -0.150598 -2.639306
-2.222922 -0.150598 -2.787456
-2.039762 -0.150598 -2.924152
-1.848220 -0.150598 -3.048832
-1.649083 -0.150598 -3.160984
-1.443170 -0.150598 -3.260146
-1.231327 -0.150598 -3.345912
-1.014423 -0.150598 -3.417929
-0.793352 -0.150598 -3.475901
-0.569020 -0.150598 -3.519589
-0.342350 -0.150598 -3.548815
-0.114273 -0.150598 -3.563458
0.114273 -0.150598 -3.563458
0.342350 -0.150598 -3.548815
0.569020 -0.150598 -3.519589
0.793352 -0.150598 -3.475901
1.014424 -0.150598 -3.417929
1.231327 -0.150598 -3.345912
1.443170 -0.150598 -3.260146
1.649083 -0.150598 -3.160984
1.848220 -0.150598 -3.048832
2.039762 -0.150598 -2.924152
2.222922 -0.150598 -2.787456
2.396948 -0.150598 -2.639306
2.561124 -0.150598 -2.480310
2.714776 -0.150598 -2.311122
2.857272 -0.150598 -2.132438
2.988027 -0.150598 -1.944990
3.106504 -0.150598 -1.749550
3.212215 -0.150598 -1.546921
3.304727 -0.150598 -1.337936
3.383659 -0.150598 -1.123452
3.448687 -0.150598 -0.904352
3.499543 -0.150598 -0.681536
3.536019 -0.150598 -0.455919
3.557965 -0.150598 -0.228429
3.565290 -0.150598 -0.000000
-3.460556 0.471440 -0.000000
-3.453446 0.471440 -0.221719
-3.432145 0.471440 -0.442526
-3.396741 0.471440 -0.661515
-3.347378 0.471440 -0.877786
-3.284261 0.471440 -1.090450
-3.207648 0.471440 -1.298633
-3.117853 0.471440 -1.501479
-3.015247 0.471440 -1.698156
-2.900251 0.471440 -1.887854
-2.773337 0.471440 -2.069795
-2.635027 0.471440 -2.243231
-2.485888 0.471440 -2.407449
-2.326535 0.471440 -2.561774
-2.157621 0.471440 -2.705572
-1.979842 0.471440 -2.838252
-1.793927 0.471440 -2.959270
-1.600640 0.471440 -3.068127
-1.400776 0.471440 -3.164376
-1.195155 0.471440 -3.247623
-0.984624 0.471440 -3.317524
-0.770046 0.471440 -3.373793
-0.552305 0.471440 -3.416198
-0.332293 0.471440 -3.444566
-0.110916 0.471440 -3.458778
0.110916 0.471440 -3.458778
0.332293 0.471440 -3.444566
0.552304 0.471440 -3.416198
0.770046 0.471440 -3.373793
0.984624 0.471440 -3.317524
1.195155 0.471440 -3.247623
1.400776 0.471440 -3.164376
1.600640 0.471440 -3.068127
1.793926 0.471440 -2.959270
1.979842 0.471440 -2.838252
2.157622 0.471440 -2.705572
2.326535 0.471440 -2.561774
2.485888 0.471440 -2.407449
2.635026 0.471440 -2.243231
2.773337 0.471440 -2.069795
2.900251 0.471440 -1.887854
3.015248 0.471440 -1.698156
3.117853 0.471440 -1.501479
3.207648 0.471440 -1.298633
3.284261 0.471440 -1.090450
3.347378 0.471440 -0.877786
3.396741 0.471440 -0.661515
3.432145 0.471440 -0.442526
3.453446 0.471440 -0.221719
3.460556 0.471440 -0.000000
-3.314650 1.078933 -0.000000
-3.307840 1.078933 -0.212370
-3.287437 1.078933 -0.423868
-3.253525 1.078933 -0.633624
-3.206244 1.078933 -0.840776
-3.145787 1.078933 -1.044473
-3.072405 1.078933 -1.243879
-2.986396 1.078933 -1.438173
-2.888116 1.078933 -1.626557
-2.777969 1.078933 -1.808257
-2.656405 1.078933 -1.982527
-2.523927 1.078933 -2.148650
-2.381077 1.078933 -2.305944
-2.228442 1.078933 -2.453762
-2.066650 1.078933 -2.591498
-1.896366 1.078933 -2.718584
-1.718290 1.078933 -2.834499
-1.533152 1.078933 -2.938766
-1.341715 1.078933 -3.030958
-1.144764 1.078933 -3.110694
-0.943109 1.078933 -3.177648
-0.737579 1.078933 -3.231545
-0.529018 1.078933 -3.272162
-0.318283 1.078933 -3.299333
-0.106240 1.078933 -3.312947
0.106240 1.078933 -3.312947
0.318283 1.078933 -3.299333
0.529018 1.078933 -3.272162
0.737579 1.078933 -3.231545
0.943110 1.078933 -3.177648
1.144764 1.078933 -3.110694
1.341715 1.078933 -3.030958
1.533152 1.078933 -2.938766
1.718290 1.078933 -2.834499
1.896367 1.078933 -2.718584
2.066651 1.078933 -2.591498
2.228442 1.078933 -2.453762
2.381077 1.078933 -2.305944
2.523927 1.078933 -2.148650
2.656405 1.078933 -1.982527
2.777969 1.078933 -1.808257
2.888117 1.078933 -1.626557
2.986396 1.078933 -1.438173
3.072405 1.078933 -1.243879
3.145787 1.078933 -1.044474
3.206244 1.078933 -0.840776
3.253525 1.078933 -0.633624
3.287437 1.078933 -0.423868
3.307840 1.078933 -0.212370
3.314650 1.078933 -0.000000
-3.132623 1.663890 -0.000000
-3.126187 1.663890 -0.200708
-3.106905 1.663890 -0.400591
-3.074855 1.663890 -0.598828
-3.030170 1.663890 -0.794604
-2.973034 1.663890 -0.987115
-2.903681 1.663890 -1.175570
-2.822396 1.663890 -1.359194
-2.729513 1.663890 -1.537233
-2.625414 1.663890 -1.708955
-2.510527 1.663890 -1.873655
-2.385323 1.663890 -2.030655
-2.250318 1.663890 -2.179311
-2.106066 1.663890 -2.319012
-1.953158 1.663890 -2.449183
-1.792226 1.663890 -2.569291
-1.623929 1.663890 -2.678840
-1.448958 1.663890 -2.777382
-1.268034 1.663890 -2.864510
-1.081899 1.663890 -2.939868
-0.891318 1.663890 -3.003145
-0.697074 1.663890 -3.054082
-0.499966 1.663890 -3.092469
-0.300804 1.663890 -3.118148
-0.100405 1.663890 -3.131014
0.100405 1.663890 -3.131014
0.300804 1.663890 -3.118148
0.499966 1.663890 -3.092469
0.697074 1.663890 -3.054082
0.891318 1.663890 -3.003145
1.081899 1.663890 -2.939868
1.268034 1.663890 -2.864510
1.448958 1.663890 -2.777382
1.623928 1.663890 -2.678840
1.792226 1.663890 -2.569290
1.953159 1.663890 -2.449183
2.106066 1.663890 -2.319012
2.250318 1.663890 -2.179311
2.385323 1.663890 -2.030655
2.510527 1.663890 -1.873655
2.625414 1.663890 -1.708955
2.729513 1.663890 -1.537233
2.822396 1.663890 -1.359194
2.903681 1.663890 -1.175570
2.973034 1.663890 -0.987115
3.030170 1.663890 -0.794604
3.074855 1.663890 -0.598828
3.106905 1.663890 -0.400591
3.126187 1.663890 -0.200708
3.132623 1.663890 -0.000000
-2.919090 2.218983 -0.000000
-2.913092 2.218983 -0.187027
-2.895124 2.218983 -0.373285
-2.865259 2.218983 -0.558009
-2.823620 2.218983 -0.740440
-2.770379 2.218983 -0.919829
-2.705753 2.218983 -1.095438
-2.630009 2.218983 -1.266546
-2.543457 2.218983 -1.432448
-2.446454 2.218983 -1.592465
-2.339398 2.218983 -1.745938
-2.222729 2.218983 -1.892237
-2.096926 2.218983 -2.030760
-1.962507 2.218983 -2.160938
-1.820022 2.218983 -2.282236
-1.670060 2.218983 -2.394156
-1.513234 2.218983 -2.496238
-1.350191 2.218983 -2.588063
-1.181599 2.218983 -2.669252
-1.008152 2.218983 -2.739473
-0.830561 2.218983 -2.798437
-0.649558 2.218983 -2.845902
-0.465886 2.218983 -2.881672
-0.280300 2.218983 -2.905601
-0.093561 2.218983 -2.917590
0.093561 2.218983 -2.917590
0.280300 2.218983 -2.905601
0.465886 2.218983 -2.881672
0.649559 2.218983 -2.845902
0.830562 2.218983 -2.798437
1.008152 2.218983 -2.739473
1.181599 2.218983 -2.669252
1.350191 2.218983 -2.588063
1.513234 2.218983 -2.496238
1.670060 2.218983 -2.394156
1.820023 2.218983 -2.282236
1.962507 2.218983 -2.160938
2.096926 2.218983 -2.030760
2.222729 2.218983 -1.892237
2.339398 2.218983 -1.745938
2.446454 2.218983 -1.592465
2.543457 2.218983 -1.432448
2.630009 2.218983 -1.266545
2.705753 2.218983 -1.095438
2.770379 2.218983 -0.919829
2.823620 2.218983 -0.740441
2.865259 2.218983 -0.558009
2.895124 2.218983 -0.373285
2.913092 2.218983 -0.187027
2.919090 2.218983 -0.000000
-2.678260 2.737550 -0.000000
-2.672757 2.737550 -0.171597
-2.656272 2.737550 -0.342488
-2.628871 2.737550 -0.511973
-2.590667 2.737550 -0.679353
-2.541818 2.737550 -0.843942
-2.482524 2.737550 -1.005063
-2.413029 2.737550 -1.162054
-2.333618 2.737550 -1.314269
-2.244618 2.737550 -1.461084
-2.146394 2.737550 -1.601896
-2.039350 2.737550 -1.736124
-1.923926 2.737550 -1.863219
-1.800597 2.737550 -1.982657
-1.669868 2.737550 -2.093948
-1.532277 2.737550 -2.196635
-1.388390 2.737550 -2.290295
-1.238798 2.737550 -2.374544
-1.084115 2.737550 -2.449035
-0.924977 2.737550 -2.513463
-0.762039 2.737550 -2.567562
-0.595969 2.737550 -2.611110
-0.427450 2.737550 -2.643929
-0.257175 2.737550 -2.665884
-0.085842 2.737550 -2.676884
0.085842 2.737550 -2.676884
0.257175 2.737550 -2.665884
0.427450 2.737550 -2.643929
0.595969 2.737550 -2.611110
0.762039 2.737550 -2.567562
0.924977 2.737550 -2.513463
1.084115 2.737550 -2.449035
1.238798 2.737550 -2.374544
1.388390 2.737550 -2.290295
1.532277 2.737550 -2.196635
1.669868 2.737550 -2.093948
1.800597 2.737550 -1.982657
1.923926 2.737550 -1.863219
2.039350 2.737550 -1.736124
2.146394 2.737550 -1.601896
2.244618 2.737550 -1.461084
2.333618 2.737550 -1.314269
2.413029 2.737550 -1.162053
2.482524 2.737550 -1.005063
2.541818 2.737550 -0.843942
2.590667 2.737550 -0.679353
2.628871 2.737550 -0.511972
2.656272 2.737550 -0.342488
2.672757 2.737550 -0.171597
2.678260 2.737550 -0.000000
-2.413983 3.213599 -0.000000
-2.409023 3.213599 -0.154664
-2.394164 3.213599 -0.308693
-2.369467 3.213599 -0.461454
-2.335033 3.213599 -0.612318
-2.291004 3.213599 -0.760666
-2.237561 3.213599 -0.905888
-2.174923 3.213599 -1.047388
-2.103348 3.213599 -1.184584
-2.023130 3.213599 -1.316912
-1.934599 3.213599 -1.443828
-1.838117 3.213599 -1.564812
-1.734083 3.213599 -1.679366
-1.622923 3.213599 -1.787018
-1.505093 3.213599 -1.887328
-1.381080 3.213599 -1.979882
-1.251391 3.213599 -2.064300
-1.116559 3.213599 -2.140235
-0.977140 3.213599 -2.207376
-0.833705 3.213599 -2.265446
-0.686845 3.213599 -2.314208
-0.537162 3.213599 -2.353459
-0.385271 3.213599 -2.383040
-0.231798 3.213599 -2.402828
-0.077372 3.213599 -2.412742
0.077372 3.213599 -2.412742
0.231798 3.213599 -2.402828
0.385271 3.213599 -2.383040
0.537162 3.213599 -2.353459
0.686845 3.213599 -2.314208
0.833705 3.213599 -2.265446
0.977140 3.213599 -2.207376
1.116559 3.213599 -2.140235
1.251390 3.213599 -2.064300
1.381080 3.213599 -1.979882
1.505094 3.213599 -1.887328
1.622923 3.213599 -1.787018
1.734083 3.213599 -1.679366
1.838117 3.213599 -1.564812
1.934598 3.213599 -1.443829
2.023130 3.213599 -1.316912
2.103348 3.213599 -1.184584
2.174923 3.213599 -1.047388
2.237561 3.213599 -0.905888
2.291004 3.213599 -0.760666
2.335033 3.213599 -0.612318
2.369467 3.213599 -0.461453
2.394164 3.213599 -0.308693
2.409023 3.213599 -0.154664
2.413983 3.213599 -0.000000
-2.129781 3.641797 -0.000000
-2.125405 3.641797 -0.136456
-2.112296 3.641797 -0.272350
-2.090506 3.641797 -0.407126
-2.060126 3.641797 -0.540229
-2.021281 3.641797 -0.671112
-1.974130 3.641797 -0.799237
-1.918867 3.641797 -0.924077
-1.855718 3.641797 -1.045121
-1.784944 3.641797 -1.161870
-1.706836 3.641797 -1.273845
-1.621713 3.641797 -1.380585
-1.529927 3.641797 -1.481652
-1.431854 3.641797 -1.576630
-1.327897 3.641797 -1.665130
-1.218483 3.641797 -1.746787
-1.104063 3.641797 -1.821267
-0.985105 3.641797 -1.888263
-0.862100 3.641797 -1.947499
-0.735552 3.641797 -1.998732
-0.605981 3.641797 -2.041753
-0.473921 3.641797 -2.076383
-0.339913 3.641797 -2.102481
-0.204508 3.641797 -2.119940
-0.068263 3.641797 -2.128687
0.068263 3.641797 -2.128687
0.204508 3.641797 -2.119940
0.339913 3.641797 -2.102481
0.473921 3.641797 -2.076383
0.605982 3.641797 -2.041753
0.735552 3.641797 -1.998732
0.862100 3.641797 -1.947499
0.985105 3.641797 -1.888263
1.104063 3.641797 -1.821267
1.218483 3.641797 -1.746787
1.327897 3.641797 -1.665130
1.431854 3.641797 -1.576630
1.529927 3.641797 -1.481652
1.621713 3.641797 -1.380585
1.706836 3.641797 -1.273845
1.784944 3.641797 -1.161870
1.855718 3.641797 -1.045121
1.918867 3.641797 -0.924077
1.974130 3.641797 -0.799237
2.021281 3.641797 -0.671112
2.060126 3.641797 -0.540229
2.090506 3.641797 -0.407126
2.112296 3.641797 -0.272350
2.125405 3.641797 -0.136455
2.129781 3.641797 -0.000000
-1.828892 4.017484 -0.000000
-1.825134 4.017484 -0.117178
-1.813877 4.017484 -0.233873
-1.795166 4.017484 -0.349608
-1.769078 4.017484 -0.463907
-1.735720 4.017484 -0.576299
-1.695230 4.017484 -0.686323
-1.647775 4.017484 -0.793526
-1.593548 4.017484 -0.897469
-1.532773 4.017484 -0.997724
-1.465699 4.017484 -1.093879
-1.392602 4.017484 -1.185540
-1.313783 4.017484 -1.272328
-1.229566 4.017484 -1.353888
-1.140295 4.017484 -1.429885
-1.046340 4.017484 -1.500006
-0.948084 4.017484 -1.563964
-0.845932 4.017484 -1.621494
-0.740305 4.017484 -1.672362
-0.631635 4.017484 -1.716357
-0.520370 4.017484 -1.753300
-0.406967 4.017484 -1.783038
-0.291891 4.017484 -1.805449
-0.175616 4.017484 -1.820441
-0.058619 4.017484 -1.827952
0.058619 4.017484 -1.827952
0.175616 4.017484 -1.820441
0.291891 4.017484 -1.805449
0.406967 4.017484 -1.783038
0.520370 4.017484 -1.753300
0.631635 4.017484 -1.716357
0.740305 4.017484 -1.672362
0.845932 4.017484 -1.621494
0.948084 4.017484 -1.563964
1.046340 4.017484 -1.500006
1.140296 4.017484 -1.429885
1.229566 4.017484 -1.353888
1.313783 4.017484 -1.272328
1.392602 4.017484 -1.185540
1.465699 4.017484 -1.093880
1.532773 4.017484 -0.997724
1.593548 4.017484 -0.897469
1.647775 4.017484 -0.793526
1.695230 4.017484 -0.686323
1.735720 4.017484 -0.576299
1.769078 4.017484 -0.463907
1.795166 4.017484 -0.349608
1.813877 4.017484 -0.233873
1.825134 4.017484 -0.117177
1.828892 4.017484 -0.000000
-1.514302 4.336662 -0.000000
-1.511191 4.336662 -0.097022
-1.501870 4.336662 -0.193645
-1.486377 4.336662 -0.289472
-1.464777 4.336662 -0.384110
-1.437157 4.336662 -0.477169
-1.403632 4.336662 -0.568268
-1.364339 4.336662 -0.657031
-1.319440 4.336662 -0.743095
-1.269119 4.336662 -0.826105
-1.213582 4.336662 -0.905720
-1.153059 4.336662 -0.981614
-1.087798 4.336662 -1.053473
-1.018067 4.336662 -1.121004
-0.944152 4.336662 -1.183929
-0.866357 4.336662 -1.241989
-0.785003 4.336662 -1.294944
-0.700423 4.336662 -1.342579
-0.612964 4.336662 -1.384697
-0.522987 4.336662 -1.421125
-0.430861 4.336662 -1.451713
-0.336964 4.336662 -1.476335
-0.241682 4.336662 -1.494891
-0.145408 4.336662 -1.507305
-0.048536 4.336662 -1.513524
0.048536 4.336662 -1.513524
0.145408 4.336662 -1.507305
0.241682 4.336662 -1.494891
0.336964 4.336662 -1.476335
0.430861 4.336662 -1.451713
0.522987 4.336662 -1.421125
0.612964 4.336662 -1.384697
0.700423 4.336662 -1.342579
0.785003 4.336662 -1.294945
0.866358 4.336662 -1.241988
0.944152 4.336662 -1.183929
1.018067 4.336662 -1.121004
1.087798 4.336662 -1.053473
1.153059 4.336662 -0.981614
1.213582 4.336662 -0.905720
1.269119 4.336662 -0.826104
1.319440 4.336662 -0.743095
1.364339 4.336662 -0.657031
1.403632 4.336662 -0.568268
1.437157 4.336662 -0.477169
1.464777 4.336662 -0.384110
1.486377 4.336662 -0.289472
1.501870 4.336662 -0.193645
1.511191 4.336662 -0.097022
1.514302 4.336662 -0.000000
-1.188790 4.596002 -0.000000
-1.186348 4.596002 -0.076166
-1.179030 4.596002 -0.152019
-1.166868 4.596002 -0.227248
-1.149911 4.596002 -0.301542
-1.128228 4.596002 -0.374598
-1.101910 4.596002 -0.446114
-1.071063 4.596002 -0.515797
-1.035815 4.596002 -0.583360
-0.996311 4.596002 -0.648527
-0.952713 4.596002 -0.711028
-0.905200 4.596002 -0.770608
-0.853967 4.596002 -0.827021
-0.799225 4.596002 -0.880035
-0.741199 4.596002 -0.929434
-0.680127 4.596002 -0.975013
-0.616260 4.596002 -1.016585
-0.549861 4.596002 -1.053981
-0.481203 4.596002 -1.087045
-0.410567 4.596002 -1.115642
-0.338244 4.596002 -1.139655
-0.264531 4.596002 -1.158985
-0.189731 4.596002 -1.173552
-0.114151 4.596002 -1.183297
-0.038103 4.596002 -1.188179
0.038103 4.596002 -1.188179
0.114151 4.596002 -1.183297
0.189731 4.596002 -1.173552
0.264531 4.596002 -1.158985
0.338244 4.596002 -1.139655
0.410567 4.596002 -1.115642
0.481203 4.596002 -1.087045
0.549861 4.596002 -1.053981
0.616260 4.596002 -1.016585
0.680127 4.596002 -0.975013
0.741199 4.596002 -0.929434
0.799225 4.596002 -0.880035
0.853967 4.596002 -0.827021
0.905200 4.596002 -0.770608
0.952713 4.596002 -0.711028
0.996311 4.596002 -0.648527
1.035815 4.596002 -0.583360
1.071063 4.596002 -0.515797
1.101910 4.596002 -0.446114
1.128228 4.596002 -0.374598
1.149911 4.596002 -0.301542
1.166868 4.596002 -0.227247
1.179030 4.596002 -0.152019
1.186348 4.596002 -0.076166
1.188790 4.596002 -0.000000
-0.854962 4.792838 -0.000000
-0.853205 4.792838 -0.054778
-0.847943 4.792838 -0.109330
-0.839196 4.792838 -0.163433
-0.827000 4.792838 -0.216865
-0.811406 4.792838 -0.269406
-0.792479 4.792838 -0.320839
-0.770294 4.792838 -0.370954
-0.744944 4.792838 -0.419545
-0.716533 4.792838 -0.466412
-0.685178 4.792838 -0.511362
-0.651007 4.792838 -0.554211
-0.614161 4.792838 -0.594782
-0.574792 4.792838 -0.632909
-0.533060 4.792838 -0.668436
-0.489138 4.792838 -0.701216
-0.443206 4.792838 -0.731114
-0.395453 4.792838 -0.758009
-0.346074 4.792838 -0.781788
-0.295274 4.792838 -0.802355
-0.243260 4.792838 -0.819624
-0.190247 4.792838 -0.833526
-0.136452 4.792838 -0.844003
-0.082096 4.792838 -0.851011
-0.027403 4.792838 -0.854523
0.027403 4.792838 -0.854523
0.082096 4.792838 -0.851011
0.136452 4.792838 -0.844003
0.190247 4.792838 -0.833526
0.243260 4.792838 -0.819624
0.295274 4.792838 -0.802355
0.346074 4.792838 -0.781788
0.395453 4.792838 -0.758009
0.443206 4.792838 -0.731115
0.489138 4.792838 -0.701216
0.533060 4.792838 -0.668436
0.574792 4.792838 -0.632909
0.614161 4.792838 -0.594782
0.651007 4.792838 -0.554211
0.685178 4.792838 -0.511362
0.716533 4.792838 -0.466412
0.744944 4.792838 -0.419545
0.770294 4.792838 -0.370954
0.792479 4.792838 -0.320839
0.811406 4.792838 -0.269406
0.827000 4.792838 -0.216865
0.839196 4.792838 -0.163433
0.847943 4.792838 -0.109330
0.853205 4.792838 -0.054778
0.854962 4.792838 -0.000000
-0.515288 4.925172 -0.000000
-0.514229 4.925172 -0.033015
-0.511058 4.925172 -0.065894
-0.505786 4.925172 -0.098502
-0.498435 4.925172 -0.130705
-0.489037 4.925172 -0.162372
-0.477629 4.925172 -0.193371
-0.464258 4.925172 -0.223575
-0.448980 4.925172 -0.252861
-0.431857 4.925172 -0.281108
-0.412959 4.925172 -0.308199
-0.392364 4.925172 -0.334024
-0.370157 4.925172 -0.358477
-0.346429 4.925172 -0.381456
-0.321277 4.925172 -0.402868
-0.294805 4.925172 -0.422625
-0.267121 4.925172 -0.440645
-0.238340 4.925172 -0.456854
-0.208580 4.925172 -0.471186
-0.177962 4.925172 -0.483582
-0.146614 4.925172 -0.493990
-0.114662 4.925172 -0.502369
-0.082240 4.925172 -0.508683
-0.049479 4.925172 -0.512907
-0.016516 4.925172 -0.515023
0.016516 4.925172 -0.515023
0.049479 4.925172 -0.512907
0.082240 4.925172 -0.508683
0.114662 4.925172 -0.502369
0.146614 4.925172 -0.493990
0.177962 4.925172 -0.483582
0.208580 4.925172 -0.471186
0.238340 4.925172 -0.456854
0.267121 4.925172 -0.440645
0.294805 4.925172 -0.422625
0.321277 4.925172 -0.402868
0.346429 4.925172 -0.381456
0.370157 4.925172 -0.358477
0.392364 4.925172 -0.334024
0.412959 4.925172 -0.308199
0.431857 4.925172 -0.281108
0.448980 4.925172 -0.252861
0.464258 4.925172 -0.223575
0.477629 4.925172 -0.193371
0.489037 4.925172 -0.162372
0.498435 4.925172 -0.130705
0.505786 4.925172 -0.098502
0.511058 4.925172 -0.065894
0.514229 4.925172 -0.033015
0.515288 4.925172 -0.000000
-0.172146 4.991672 -0.000000
-0.171792 4.991672 -0.011029
-0.170733 4.991672 -0.022014
-0.168971 4.991672 -0.032907
-0.166516 4.991672 -0.043666
-0.163376 4.991672 -0.054245
-0.159565 4.991672 -0.064601
-0.155098 4.991672 -0.074691
-0.149994 4.991672 -0.084475
-0.144273 4.991672 -0.093912
-0.137960 4.991672 -0.102962
-0.131080 4.991672 -0.111590
-0.123661 4.991672 -0.119759
-0.115734 4.991672 -0.127436
-0.107331 4.991672 -0.134589
-0.098488 4.991672 -0.141189
-0.089239 4.991672 -0.147209
-0.079624 4.991672 -0.152625
-0.069682 4.991672 -0.157412
-0.059453 4.991672 -0.161554
-0.048980 4.991672 -0.165031
-0.038306 4.991672 -0.167830
-0.027474 4.991672 -0.169939
-0.016530 4.991672 -0.171351
-0.005518 4.991672 -0.172058
0.005518 4.991672 -0.172058
0.016530 4.991672 -0.171351
0.027474 4.991672 -0.169939
0.038306 4.991672 -0.167830
0.048980 4.991672 -0.165031
0.059453 4.991672 -0.161554
0.069682 4.991672 -0.157412
0.079624 4.991672 -0.152625
0.089239 4.991672 -0.147209
0.098488 4.991672 -0.141189
0.107331 4.991672 -0.134589
0.115734 4.991672 -0.127436
0.123661 4.991672 -0.119759
0.131080 4.991672 -0.111590
0.137960 4.991672 -0.102962
0.144274 4.991672 -0.093912
0.149994 4.991672 -0.084475
0.155098 4.991672 -0.074691
0.159565 4.991672 -0.064601
0.163376 4.991672 -0.054245
0.166516 4.991672 -0.043666
0.168971 4.991672 -0.032907
0.170733 4.991672 -0.022014
0.171792 4.991672 -0.011029
0.172146 4.991672 -0.000000
0.172146 4.991672 0.000000
0.171792 4.991672 0.011029
0.170733 4.991672 0.022014
0.168971 4.991672 0.032907
0.166516 4.991672 0.043666
0.163376 4.991672 0.054245
0.159565 4.991672 0.064601
0.155098 4.991672 0.074691
0.149994 4.991672 0.084475
0.144273 4.991672 0.093912
0.137960 4.991672 0.102962
0.131080 4.991672 0.111590
0.123661 4.991672 0.119759
0.115734 4.991672 0.127436
0.107331 4.991672 0.134589
0.098488 4.991672 0.141189
0.089239 4.991672 0.147209
0.079624 4.991672 0.152625
0.069682 4.991672 0.157412
0.059453 4.991672 0.161554
0.048980 4.991672 0.165031
0.038306 4.991672 0.167830
0.027474 4.991672 0.169939
0.016530 4.991672 0.171351
0.005518 4.991672 0.172058
-0.005518 4.991672 0.172058
-0.016530 4.991672 0.171351
-0.027474 4.991672 0.169939
-0.038306 4.991672 0.167830
-0.048980 4.991672 0.165031
-0.059453 4.991672 0.161554
-0.069682 4.991672 0.157412
-0.079624 4.991672 0.152625
-0.089239 4.991672 0.147209
-0.098488 4.991672 0.141189
-0.107331 4.991672 0.134589
-0.115734 4.991672 0.127436
-0.123661 4.991672 0.119759
-0.131080 4.991672 0.111590
-0.137960 4.991672 0.102962
-0.144274 4.991672 0.093912
-0.149994 4.991672 0.084475
-0.155098 4.991672 0.074691
-0.159565 4.991672 0.064601
-0.163376 4.991672 0.054245
-0.166516 4.991672 0.043666
-0.168971 4.991672 0.032907
-0.170733 4.991672 0.022014
-0.171792 4.991672 0.011029
-0.172146 4.991672 0.000000
0.515288 4.925172 0.000000
0.514229 4.925172 0.033015
0.511058 4.925172 0.065894
0.505786 4.925172 0.098502
0.498435 4.925172 0.130705
0.489037 4.925172 0.162372
0.477629 4.925172 0.193371
0.464258 4.925172 0.223575
0.448980 4.925172 0.252861
0.431857 4.925172 0.281108
0.412959 4.925172 0.308199
0.392364 4.925172 0.334024
0.370157 4.925172 0.358477
0.346429 4.925172 0.381456
0.321277 4.925172 0.402868
0.294805 4.925172 0.422625
0.267121 4.925172 0.440645
0.238340 4.925172 0.456854
0.208580 4.925172 0.471186
0.177962 4.925172 0.483582
0.146614 4.925172 0.493990
0.114662 4.925172 0.502369
0.082240 4.925172 0.508683
0.049479 4.925172 0.512907
0.016516 4.925172 0.515023
-0.016516 4.925172 0.515023
-0.049479 4.925172 0.512907
-0.082240 4.925172 0.508683
-0.114662 4.925172 0.502369
-0.146614 4.925172 0.493990
-0.177962 4.925172 0.483582
-0.208580 4.925172 0.471186
-0.238340 4.925172 0.456854
-0.267121 4.925172 0.440645
-0.294805 4.925172 0.422625
-0.321277 4.925172 0.402868
-0.346429 4.925172 0.381456
-0.370157 4.925172 0.358477
-0.392364 4.925172 0.334024
-0.412959 4.925172 0.308199
-0.431857 4.925172 0.281108
-0.448980 4.925172 0.252861
-0.464258 4.925172 0.223575
-0.477629 4.925172 0.193371
-0.489037 4.925172 0.162372
-0.498435 4.925172 0.130705
-0.505786 4.925172 0.098502
-0.511058 4.925172 0.065894
-0.514229 4.925172 0.033015
-0.515288 4.925172 0.000000
0.854961 4.792838 0.000000
0.853205 4.792838 0.054778
0.847942 4.792838 0.109330
0.839195 4.792838 0.163433
0.827000 4.792838 0.216865
0.811406 4.792838 0.269405
0.792478 4.792838 0.320839
0.770294 4.792838 0.370954
0.744944 4.792838 0.419545
0.716533 4.792838 0.466411
0.685178 4.792838 0.511361
0.651007 4.792838 0.554210
0.614161 4.792838 0.594782
0.574791 4.792838 0.632909
0.533060 4.792838 0.668436
0.489138 4.792838 0.701216
0.443206 4.792838 0.731114
0.395452 4.792838 0.758008
0.346074 4.792838 0.781788
0.295274 4.792838 0.802354
0.243260 4.792838 0.819624
0.190247 4.792838 0.833526
0.136452 4.792838 0.844002
0.082096 4.792838 0.851011
0.027403 4.792838 0.854522
-0.027403 4.792838 0.854522
-0.082096 4.792838 0.851011
-0.136452 4.792838 0.844002
-0.190247 4.792838 0.833526
-0.243260 4.792838 0.819624
-0.295274 4.792838 0.802354
-0.346074 4.792838 0.781788
-0.395452 4.792838 0.758008
-0.443206 4.792838 0.731114
-0.489138 4.792838 0.701216
-0.533060 4.792838 0.668436
-0.574791 4.792838 0.632909
-0.614161 4.792838 0.594782
-0.651007 4.792838 0.554210
-0.685178 4.792838 0.511361
-0.716533 4.792838 0.466411
-0.744944 4.792838 0.419545
-0.770294 4.792838 0.370954
-0.792478 4.792838 0.320839
-0.811406 4.792838 0.269405
-0.827000 4.792838 0.216865
-0.839195 4.792838 0.163433
-0.847942 4.792838 0.109330
-0.853205 4.792838 0.054778
-0.854961 4.792838 0.000000
1.188791 4.596001 0.000000
1.186348 4.596001 0.076166
1.179031 4.596001 0.152019
1.166868 4.596001 0.227248
1.149911 4.596001 0.301542
1.128229 4.596001 0.374598
1.101910 4.596001 0.446114
1.071064 4.596001 0.515797
1.035816 4.596001 0.583360
0.996311 4.596001 0.648527
0.952713 4.596001 0.711028
0.905200 4.596001 0.770608
0.853967 4.596001 0.827021
0.799225 4.596001 0.880036
0.741199 4.596001 0.929434
0.680127 4.596001 0.975013
0.616260 4.596001 1.016586
0.549861 4.596001 1.053981
0.481203 4.596001 1.087045
0.410567 4.596001 1.115643
0.338244 4.596001 1.139656
0.264531 4.596001 1.158985
0.189731 4.596001 1.173553
0.114151 4.596001 1.183298
0.038103 4.596001 1.188180
-0.038103 4.596001 1.188180
-0.114151 4.596001 1.183298
-0.189731 4.596001 1.173553
-0.264531 4.596001 1.158985
-0.338244 4.596001 1.139655
-0.410567 4.596001 1.115643
-0.481203 4.596001 1.087045
-0.549861 4.596001 1.053981
-0.616260 4.596001 1.016586
-0.680127 4.596001 0.975013
-0.741199 4.596001 0.929434
-0.799225 4.596001 0.880036
-0.853967 4.596001 0.827021
-0.905200 4.596001 0.770608
-0.952713 4.596001 0.711028
-0.996311 4.596001 0.648527
-1.035816 4.596001 0.583360
-1.071064 4.596001 0.515797
-1.101910 4.596001 0.446114
-1.128229 4.596001 0.374598
-1.149911 4.596001 0.301542
-1.166869 4.596001 0.227248
-1.179031 4.596001 0.152019
-1.186348 4.596001 0.076166
-1.188791 4.596001 0.000000
1.514302 4.336662 0.000000
1.511191 4.336662 0.097022
1.501870 4.336662 0.193645
1.486377 4.336662 0.289472
1.464777 4.336662 0.384110
1.437158 4.336662 0.477169
1.403632 4.336662 0.568268
1.364339 4.336662 0.657031
1.319440 4.336662 0.743095
1.269119 4.336662 0.826105
1.213583 4.336662 0.905720
1.153059 4.336662 0.981614
1.087798 4.336662 1.053474
1.018067 4.336662 1.121005
0.944152 4.336662 1.183929
0.866358 4.336662 1.241989
0.785003 4.336662 1.294945
0.700423 4.336662 1.342580
0.612964 4.336662 1.384697
0.522987 4.336662 1.421125
0.430861 4.336662 1.451713
0.336964 4.336662 1.476336
0.241683 4.336662 1.494892
0.145408 4.336662 1.507305
0.048536 4.336662 1.513524
-0.048536 4.336662 1.513524
-0.145408 4.336662 1.507305
-0.241682 4.336662 1.494892
-0.336964 4.336662 1.476336
-0.430861 4.336662 1.451713
-0.522987 4.336662 1.421125
-0.612964 4.336662 1.384697
-0.700423 4.336662 1.342580
-0.785003 4.336662 1.294945
-0.866358 4.336662 1.241989
-0.944152 4.336662 1.183929
-1.018067 4.336662 1.121005
-1.087798 4.336662 1.053474
-1.153059 4.336662 0.981614
-1.213583 4.336662 0.905720
-1.269119 4.336662 0.826105
-1.319440 4.336662 0.743095
-1.364339 4.336662 0.657031
-1.403632 4.336662 0.568268
-1.437158 4.336662 0.477169
-1.464777 4.336662 0.384110
-1.486377 4.336662 0.289472
-1.501870 4.336662 0.193645
-1.511191 4.336662 0.097022
-1.514302 4.336662 0.000000
1.828892 4.017484 0.000000
1.825134 4.017484 0.117178
1.813877 4.017484 0.233873
1.795166 4.017484 0.349608
1.769078 4.017484 0.463907
1.735720 4.017484 0.576299
1.695230 4.017484 0.686323
1.647775 4.017484 0.793526
1.593548 4.017484 0.897469
1.532773 4.017484 0.997724
1.465699 4.017484 1.093879
1.392602 4.017484 1.185540
1.313783 4.017484 1.272328
1.229566 4.017484 1.353888
1.140295 4.017484 1.429885
1.046340 4.017484 1.500006
0.948084 4.017484 1.563964
0.845932 4.017484 1.621494
0.740305 4.017484 1.672362
0.631635 4.017484 1.716357
0.520370 4.017484 1.753300
0.406967 4.017484 1.783038
0.291891 4.017484 1.805449
0.175616 4.017484 1.820441
0.058619 4.017484 1.827952
-0.058619 4.017484 1.827952
-0.175616 4.017484 1.820441
-0.291891 4.017484 1.805449
-0.406967 4.017484 1.783038
-0.520370 4.017484 1.753300
-0.631635 4.017484 1.716357
-0.740305 4.017484 1.672362
-0.845932 4.017484 1.621494
-0.948084 4.017484 1.563964
-1.046340 4.017484 1.500006
-1.140296 4.017484 1.429885
-1.229566 4.017484 1.353888
-1.313783 4.017484 1.272328
-1.392602 4.017484 1.185540
-1.465699 4.017484 1.093880
-1.532773 4.017484 0.997724
-1.593548 4.017484 0.897469
-1.647775 4.017484 0.793526
-1.695230 4.017484 0.686323
-1.735720 4.017484 0.576299
-1.769078 4.017484 0.463907
-1.795166 4.017484 0.349608
-1.813877 4.017484 0.233873
-1.825134 4.017484 0.117177
-1.828892 4.017484 0.000000
2.129781 3.641797 0.000000
2.125405 3.641797 0.136456
2.112296 3.641797 0.272350
2.090506 3.641797 0.407126
2.060126 3.641797 0.540229
2.021281 3.641797 0.671112
1.974130 3.641797 0.799237
1.918867 3.641797 0.924077
1.855718 3.641797 1.045121
1.784944 3.641797 1.161870
1.706836 3.641797 1.273845
1.621713 3.641797 1.380585
1.529927 3.641797 1.481652
1.431854 3.641797 1.576630
1.327897 3.641797 1.665130
1.218483 3.641797 1.746787
1.104063 3.641797 1.821267
0.985105 3.641797 1.888263
0.862100 3.641797 1.947499
0.735552 3.641797 1.998732
0.605981 3.641797 2.041753
0.473921 3.641797 2.076383
0.339913 3.641797 2.102481
0.204508 3.641797 2.119940
0.068263 3.641797 2.128687
-0.068263 3.641797 2.128687
-0.204508 3.641797 2.119940
-0.339913 3.641797 2.102481
-0.473921 3.641797 2.076383
-0.605982 3.641797 2.041753
-0.735552 3.641797 1.998732
-0.862100 3.641797 1.947499
-0.985105 3.641797 1.888263
-1.104063 3.641797 1.821267
-1.218483 3.641797 1.746787
-1.327897 3.641797 1.665130
-1.431854 3.641797 1.576630
-1.529927 3.641797 1.481652
-1.621713 3.641797 1.380585
-1.706836 3.641797 1.273845
-1.784944 3.641797 1.161870
-1.855718 3.641797 1.045121
-1.918867 3.641797 0.924077
-1.974130 3.641797 0.799237
-2.021281 3.641797 0.671112
-2.060126 3.641797 0.540229
-2.090506 3.641797 0.407126
-2.112296 3.641797 0.272350
-2.125405 3.641797 0.136455
-2.129781 3.641797 0.000000
2.413983 3.213599 0.000000
2.409023 3.213599 0.154664
2.394164 3.213599 0.308693
2.369467 3.213599 0.461454
2.335033 3.213599 0.612318
2.291004 3.213599 0.760666
2.237561 3.213599 0.905888
2.174923 3.213599 1.047388
2.103348 3.213599 1.184584
2.023130 3.213599 1.316912
1.934599 3.213599 1.443828
1.838117 3.213599 1.564812
1.734083 3.213599 1.679366
1.622923 3.213599 1.787018
1.505093 3.213599 1.887328
1.381080 3.213599 1.979882
1.251391 3.213599 2.064300
1.116559 3.213599 2.140235
0.977140 3.213599 2.207376
0.833705 3.213599 2.265446
0.686845 3.213599 2.314208
0.537162 3.213599 2.353459
0.385271 3.213599 2.383040
0.231798 3.213599 2.402828
0.077372 3.213599 2.412742
-0.077372 3.213599 2.412742
-0.231798 3.213599 2.402828
-0.385271 3.213599 2.383040
-0.537162 3.213599 2.353459
-0.686845 3.213599 2.314208
-0.833705 3.213599 2.265446
-0.977140 3.213599 2.207376
-1.116559 3.213599 2.140235
-1.251390 3.213599 2.064300
-1.381080 3.213599 1.979882
-1.505094 3.213599 1.887328
-1.622923 3.213599 1.787018
-1.734083 3.213599 1.679366
-1.838117 3.213599 1.564812
-1.934598 3.213599 1.443829
-2.023130 3.213599 1.316912
-2.103348 3.213599 1.184584
-2.174923 3.213599 1.047388
-2.237561 3.213599 0.905888
-2.291004 3.213599 0.760666
-2.335033 3.213599 0.612318
-2.369467 3.213599 0.461453
-2.394164 3.213599 0.308693
-2.409023 3.213599 0.154664
-2.413983 3.213599 0.000000
2.678260 2.737551 0.000000
2.672757 2.737551 0.171597
2.656271 2.737551 0.342488
2.628870 2.737551 0.511972
2.590667 2.737551 0.679353
2.541818 2.737551 0.843942
2.482524 2.737551 1.005062
2.413029 2.737551 1.162053
2.333618 2.737551 1.314269
2.244618 2.737551 1.461084
2.146394 2.737551 1.601895
2.039350 2.737551 1.736124
1.923926 2.737551 1.863219
1.800596 2.737551 1.982657
1.669868 2.737551 2.093948
1.532277 2.737551 2.196634
1.388390 2.737551 2.290294
1.238798 2.737551 2.374543
1.084115 2.737551 2.449034
0.924977 2.737551 2.513462
0.762039 2.737551 2.567562
0.595969 2.737551 2.611110
0.427450 2.737551 2.643929
0.257174 2.737551 2.665884
0.085842 2.737551 2.676884
-0.085842 2.737551 2.676884
-0.257174 2.737551 2.665884
-0.427450 2.737551 2.643929
-0.595969 2.737551 2.611110
-0.762039 2.737551 2.567561
-0.924977 2.737551 2.513462
-1.084115 2.737551 2.449034
-1.238798 2.737551 2.374543
-1.388390 2.737551 2.290294
-1.532277 2.737551 2.196634
-1.669868 2.737551 2.093948
-1.800596 2.737551 1.982657
-1.923926 2.737551 1.863219
-2.039350 2.737551 1.736124
-2.146394 2.737551 1.601895
-2.244618 2.737551 1.461084
-2.333618 2.737551 1.314269
-2.413029 2.737551 1.162053
-2.482524 2.737551 1.005062
-2.541818 2.737551 0.843942
-2.590667 2.737551 0.679353
-2.628870 2.737551 0.511972
-2.656271 2.737551 0.342488
-2.672757 2.737551 0.171597
-2.678260 2.737551 0.000000
2.919090 2.218982 0.000000
2.913092 2.218982 0.187027
2.895124 2.218982 0.373285
2.865259 2.218982 0.558009
2.823621 2.218982 0.740440
2.770379 2.218982 0.919829
2.705753 2.218982 1.095438
2.630009 2.218982 1.266546
2.543458 2.218982 1.432449
2.446455 2.218982 1.592465
2.339398 2.218982 1.745938
2.222729 2.218982 1.892237
2.096926 2.218982 2.030760
1.962507 2.218982 2.160938
1.820023 2.218982 2.282236
1.670060 2.218982 2.394156
1.513234 2.218982 2.496238
1.350191 2.218982 2.588063
1.181599 2.218982 2.669253
1.008152 2.218982 2.739474
0.830561 2.218982 2.798438
0.649559 2.218982 2.845902
0.465887 2.218982 2.881672
0.280300 2.218982 2.905601
0.093561 2.218982 2.917590
-0.093561 2.218982 2.917590
-0.280300 2.218982 2.905601
-0.465886 2.218982 2.881672
-0.649559 2.218982 2.845902
-0.830562 2.218982 2.798438
-1.008152 2.218982 2.739474
-1.181599 2.218982 2.669253
-1.350191 2.218982 2.588063
-1.513234 2.218982 2.496239
-1.670060 2.218982 2.394156
-1.820023 2.218982 2.282236
-1.962507 2.218982 2.160938
-2.096926 2.218982 2.030760
-2.222729 2.218982 1.892237
-2.339398 2.218982 1.745939
-2.446455 2.218982 1.592465
-2.543458 2.218982 1.432449
-2.630009 2.218982 1.266546
-2.705753 2.218982 1.095438
-2.770379 2.218982 0.919829
-2.823621 2.218982 0.740441
-2.865259 2.218982 0.558009
-2.895124 2.218982 0.373285
-2.913092 2.218982 0.187027
-2.919090 2.218982 0.000000
3.132623 1.663890 0.000000
3.126187 1.663890 0.200708
3.106905 1.663890 0.400591
3.074855 1.663890 0.598828
3.030171 1.663890 0.794604
2.973034 1.663890 0.987115
2.903681 1.663890 1.175570
2.822396 1.663890 1.359194
2.729513 1.663890 1.537233
2.625414 1.663890 1.708955
2.510527 1.663890 1.873655
2.385324 1.663890 2.030655
2.250318 1.663890 2.179312
2.106066 1.663890 2.319012
1.953159 1.663890 2.449184
1.792226 1.663890 2.569291
1.623929 1.663890 2.678840
1.448958 1.663890 2.777382
1.268034 1.663890 2.864511
1.081899 1.663890 2.939868
0.891318 1.663890 3.003145
0.697074 1.663890 3.054082
0.499966 1.663890 3.092469
0.300804 1.663890 3.118148
0.100405 1.663890 3.131014
-0.100405 1.663890 3.131014
-0.300804 1.663890 3.118148
-0.499966 1.663890 3.092469
-0.697075 1.663890 3.054082
-0.891318 1.663890 3.003145
-1.081899 1.663890 2.939868
-1.268034 1.663890 2.864511
-1.448958 1.663890 2.777382
-1.623929 1.663890 2.678840
-1.792226 1.663890 2.569291
-1.953159 1.663890 2.449183
-2.106066 1.663890 2.319012
-2.250318 1.663890 2.179312
-2.385323 1.663890 2.030656
-2.510527 1.663890 1.873655
-2.625415 1.663890 1.708955
-2.729513 1.663890 1.537233
-2.822396 1.663890 1.359194
-2.903681 1.663890 1.175570
-2.973034 1.663890 0.987116
-3.030170 1.663890 0.794605
-3.074855 1.663890 0.598828
-3.106905 1.663890 0.400591
-3.126187 1.663890 0.200708
-3.132623 1.663890 0.000000
3.314650 1.078933 0.000000
3.307840 1.078933 0.212370
3.287437 1.078933 0.423868
3.253525 1.078933 0.633624
3.206244 1.078933 0.840776
3.145787 1.078933 1.044473
3.072405 1.078933 1.243879
2.986396 1.078933 1.438173
2.888116 1.078933 1.626557
2.777969 1.078933 1.808257
2.656405 1.078933 1.982527
2.523927 1.078933 2.148650
2.381077 1.078933 2.305944
2.228442 1.078933 2.453762
2.066650 1.078933 2.591498
1.896366 1.078933 2.718584
1.718290 1.078933 2.834499
1.533152 1.078933 2.938766
1.341715 1.078933 3.030958
1.144764 1.078933 3.110694
0.943109 1.078933 3.177648
0.737579 1.078933 3.231545
0.529018 1.078933 3.272162
0.318283 1.078933 3.299333
0.106240 1.078933 3.312947
-0.106240 1.078933 3.312947
-0.318283 1.078933 3.299333
-0.529018 1.078933 3.272162
-0.737579 1.078933 3.231545
-0.943110 1.078933 3.177648
-1.144764 1.078933 3.110694
-1.341715 1.078933 3.030958
-1.533152 1.078933 2.938766
-1.718290 1.078933 2.834499
-1.896367 1.078933 2.718584
-2.066651 1.078933 2.591498
-2.228442 1.078933 2.453762
-2.381077 1.078933 2.305944
-2.523927 1.078933 2.148650
-2.656405 1.078933 1.982527
-2.777969 1.078933 1.808257
-2.888117 1.078933 1.626557
-2.986396 1.078933 1.438173
-3.072405 1.078933 1.243879
-3.145787 1.078933 1.044474
-3.206244 1.078933 0.840776
-3.253525 1.078933 0.633624
-3.287437 1.078933 0.423868
-3.307840 1.078933 0.212370
-3.314650 1.078933 0.000000
3.460556 0.471440 0.000000
3.453446 0.471440 0.221719
3.432145 0.471440 0.442526
3.396741 0.471440 0.661515
3.347378 0.471440 0.877786
3.284261 0.471440 1.090450
3.207648 0.471440 1.298633
3.117853 0.471440 1.501479
3.015247 0.471440 1.698156
2.900251 0.471440 1.887854
2.773337 0.471440 2.069795
2.635027 0.471440 2.243231
2.485888 0.471440 2.407449
2.326535 0.471440 2.561774
2.157621 0.471440 2.705572
1.979842 0.471440 2.838252
1.793927 0.471440 2.959270
1.600640 0.471440 3.068127
1.400776 0.471440 3.164376
1.195155 0.471440 3.247623
0.984624 0.471440 3.317524
0.770046 0.471440 3.373793
0.552305 0.471440 3.416198
0.332293 0.471440 3.444566
0.110916 0.471440 3.458778
-0.110916 0.471440 3.458778
-0.332293 0.471440 3.444566
-0.552304 0.471440 3.416198
-0.770046 0.471440 3.373793
-0.984624 0.471440 3.317524
-1.195155 0.471440 3.247623
-1.400776 0.471440 3.164376
-1.600640 0.471440 3.068127
-1.793926 0.471440 2.959270
-1.979842 0.471440 2.838252
-2.157622 0.471440 2.705572
-2.326535 0.471440 2.561774
-2.485888 0.471440 2.407449
-2.635026 0.471440 2.243231
-2.773337 0.471440 2.069795
-2.900251 0.471440 1.887854
-3.015248 0.471440 1.698156
-3.117853 0.471440 1.501479
-3.207648 0.471440 1.298633
-3.284261 0.471440 1.090450
-3.347378 0.471440 0.877786
-3.396741 0.471440 0.661515
-3.432145 0.471440 0.442526
-3.453446 0.471440 0.221719
-3.460556 0.471440 0.000000
3.565290 -0.150597 0.000000
3.557965 -0.150597 0.228429
3.536019 -0.150597 0.455919
3.499543 -0.150597 0.681536
3.448687 -0.150597 0.904352
3.383659 -0.150597 1.123452
3.304727 -0.150597 1.337936
3.212215 -0.150597 1.546921
3.106504 -0.150597 1.749550
2.988027 -0.150597 1.944990
2.857272 -0.150597 2.132438
2.714776 -0.150597 2.311122
2.561124 -0.150597 2.480310
2.396948 -0.150597 2.639306
2.222922 -0.150597 2.787456
2.039762 -0.150597 2.924152
1.848220 -0.150597 3.048832
1.649083 -0.150597 3.160984
1.443170 -0.150597 3.260146
1.231327 -0.150597 3.345912
1.014423 -0.150597 3.417929
0.793352 -0.150597 3.475901
0.569020 -0.150597 3.519589
0.342350 -0.150597 3.548815
0.114273 -0.150597 3.563458
-0.114273 -0.150597 3.563458
-0.342350 -0.150597 3.548815
-0.569020 -0.150597 3.519589
-0.793352 -0.150597 3.475901
-1.014423 -0.150597 3.417929
-1.231327 -0.150597 3.345912
-1.443170 -0.150597 3.260146
-1.649083 -0.150597 3.160984
-1.848220 -0.150597 3.048832
-2.039762 -0.150597 2.924152
-2.222922 -0.150597 2.787456
-2.396948 -0.150597 2.639306
-2.561124 -0.150597 2.480310
-2.714776 -0.150597 2.311122
-2.857272 -0.150597 2.132438
-2.988027 -0.150597 1.944990
-3.106504 -0.150597 1.749550
-3.212215 -0.150597 1.546921
-3.304727 -0.150597 1.337936
-3.383659 -0.150597 1.123452
-3.448687 -0.150597 0.904352
-3.499543 -0.150597 0.681536
-3.536019 -0.150597 0.455919
-3.557965 -0.150597 0.228429
-3.565290 -0.150597 0.000000
3.623321 -0.778518 0.000000
3.615876 -0.778518 0.232147
3.593573 -0.778518 0.463340
3.556504 -0.778518 0.692629
3.504820 -0.778518 0.919072
3.438733 -0.778518 1.141738
3.358517 -0.778518 1.359713
3.264499 -0.778518 1.572100
3.157067 -0.778518 1.778027
3.036662 -0.778518 1.976648
2.903779 -0.778518 2.167146
2.758963 -0.778518 2.348739
2.602810 -0.778518 2.520681
2.435962 -0.778518 2.682265
2.259104 -0.778518 2.832826
2.072962 -0.778518 2.971747
1.878303 -0.778518 3.098457
1.675924 -0.778518 3.212434
1.466660 -0.778518 3.313210
1.251368 -0.778518 3.400372
1.030935 -0.778518 3.473561
0.806265 -0.778518 3.532477
0.578282 -0.778518 3.576876
0.347922 -0.778518 3.606578
0.116133 -0.778518 3.621459
-0.116133 -0.778518 3.621459
-0.347922 -0.778518 3.606578
-0.578281 -0.778518 3.576876
-0.806265 -0.778518 3.532476
-1.030935 -0.778518 3.473561
-1.251368 -0.778518 3.400372
-1.466660 -0.778518 3.313210
-1.675924 -0.778518 3.212434
-1.878302 -0.778518 3.098457
-2.072963 -0.778518 2.971747
-2.259104 -0.778518 2.832826
-2.435962 -0.778518 2.682265
-2.602810 -0.778518 2.520681
-2.758963 -0.778518 2.348740
-2.903779 -0.778518 2.167146
-3.036662 -0.778518 1.976648
-3.157067 -0.778518 1.778027
-3.264499 -0.778518 1.572100
-3.358517 -0.778518 1.359713
-3.438733 -0.778518 1.141738
-3.504820 -0.778518 0.919072
-3.556504 -0.778518 0.692629
-3.593573 -0.778518 0.463340
-3.615876 -0.778518 0.232147
-3.623321 -0.778518 0.000000
3.628602 -1.402999 0.000000
3.621146 -1.402999 0.232485
3.598811 -1.402999 0.464015
3.561687 -1.402999 0.693639
3.509928 -1.402999 0.920411
3.443745 -1.402999 1.143402
3.363412 -1.402999 1.361695
3.269257 -1.402999 1.574391
3.161669 -1.402999 1.780619
3.041088 -1.402999 1.979529
2.908011 -1.402999 2.170305
2.762984 -1.402999 2.352163
2.606604 -1.402999 2.524355
2.439512 -1.402999 2.686174
2.262396 -1.402999 2.836955
2.075984 -1.402999 2.976079
1.881040 -1.402999 3.102973
1.678367 -1.402999 3.217116
1.468798 -1.402999 3.318039
1.253192 -1.402999 3.405328
1.032437 -1.402999 3.478624
0.807440 -1.402999 3.537625
0.579125 -1.402999 3.582090
0.348429 -1.402999 3.611835
0.116302 -1.402999 3.626737
-0.116302 -1.402999 3.626737
-0.348429 -1.402999 3.611835
-0.579124 -1.402999 3.582090
-0.807440 -1.402999 3.537625
-1.032437 -1.402999 3.478624
-1.253192 -1.402999 3.405328
-1.468798 -1.402999 3.318039
-1.678367 -1.402999 3.217116
-1.881040 -1.402999 3.102973
-2.075984 -1.402999 2.976078
-2.262396 -1.402999 2.836955
-2.439512 -1.402999 2.686174
-2.606604 -1.402999 2.524355
-2.762984 -1.402999 2.352163
-2.908011 -1.402999 2.170305
-3.041088 -1.402999 1.979529
-3.161669 -1.402999 1.780618
-3.269257 -1.402999 1.574391
-3.363412 -1.402999 1.361695
-3.443745 -1.402999 1.143402
-3.509928 -1.402999 0.920412
-3.561687 -1.402999 0.693638
-3.598811 -1.402999 0.464015
-3.621146 -1.402999 0.232485
-3.628602 -1.402999 0.000000
3.574532 -2.014045 0.000000
3.567188 -2.014045 0.229021
3.545185 -2.014045 0.457101
3.508615 -2.014045 0.683303
3.457626 -2.014045 0.906696
3.392430 -2.014045 1.126364
3.313294 -2.014045 1.341404
3.220542 -2.014045 1.550931
3.114557 -2.014045 1.754086
2.995773 -2.014045 1.950032
2.864679 -2.014045 2.137965
2.721813 -2.014045 2.317113
2.567763 -2.014045 2.486740
2.403161 -2.014045 2.646147
2.228684 -2.014045 2.794682
2.045049 -2.014045 2.931732
1.853011 -2.014045 3.056735
1.653358 -2.014045 3.169178
1.446911 -2.014045 3.268597
1.234519 -2.014045 3.354585
1.017053 -2.014045 3.426789
0.795408 -2.014045 3.484911
0.570495 -2.014045 3.528713
0.343237 -2.014045 3.558014
0.114569 -2.014045 3.572695
-0.114569 -2.014045 3.572695
-0.343237 -2.014045 3.558015
-0.570495 -2.014045 3.528713
-0.795408 -2.014045 3.484911
-1.017053 -2.014045 3.426789
-1.234519 -2.014045 3.354585
-1.446911 -2.014045 3.268597
-1.653358 -2.014045 3.169178
-1.853011 -2.014045 3.056735
-2.045050 -2.014045 2.931732
-2.228684 -2.014045 2.794682
-2.403161 -2.014045 2.646147
-2.567763 -2.014045 2.486740
-2.721813 -2.014045 2.317113
-2.864678 -2.014045 2.137965
-2.995773 -2.014045 1.950032
-3.114557 -2.014045 1.754085
-3.220542 -2.014045 1.550931
-3.313294 -2.014045 1.341404
-3.392430 -2.014045 1.126365
-3.457626 -2.014045 0.906697
-3.508615 -2.014045 0.683302
-3.545185 -2.014045 0.457101
-3.567188 -2.014045 0.229021
-3.574532 -2.014045 0.000000
3.453918 -2.601000 0.000000
3.446821 -2.601000 0.221293
3.425561 -2.601000 0.441677
3.390225 -2.601000 0.660246
3.340957 -2.601000 0.876102
3.277961 -2.601000 1.088358
3.201494 -2.601000 1.296142
3.111872 -2.601000 1.498599
3.009463 -2.601000 1.694898
2.894688 -2.601000 1.884233
2.768017 -2.601000 2.065825
2.629972 -2.601000 2.238928
2.481120 -2.601000 2.402830
2.322072 -2.601000 2.556859
2.153482 -2.601000 2.700382
1.976044 -2.601000 2.832808
1.790486 -2.601000 2.953593
1.597569 -2.601000 3.062241
1.398088 -2.601000 3.158306
1.192863 -2.601000 3.241393
0.982735 -2.601000 3.311160
0.768569 -2.601000 3.367321
0.551245 -2.601000 3.409645
0.331656 -2.601000 3.437958
0.110703 -2.601000 3.452143
-0.110703 -2.601000 3.452143
-0.331656 -2.601000 3.437958
-0.551245 -2.601000 3.409645
-0.768569 -2.601000 3.367321
-0.982735 -2.601000 3.311160
-1.192863 -2.601000 3.241393
-1.398088 -2.601000 3.158306
-1.597569 -2.601000 3.062241
-1.790485 -2.601000 2.953593
-1.976044 -2.601000 2.832808
-2.153483 -2.601000 2.700382
-2.322072 -2.601000 2.556859
-2.481120 -2.601000 2.402830
-2.629972 -2.601000 2.238928
-2.768017 -2.601000 2.065825
-2.894688 -2.601000 1.884233
-3.009463 -2.601000 1.694898
-3.111873 -2.601000 1.498599
-3.201494 -2.601000 1.296142
-3.277961 -2.601000 1.088358
-3.340957 -2.601000 0.876102
-3.390225 -2.601000 0.660246
-3.425561 -2.601000 0.441677
-3.446821 -2.601000 0.221293
-3.453918 -2.601000 0.000000
3.258935 -3.152540 0.000000
3.252239 -3.152540 0.208801
3.232179 -3.152540 0.416743
3.198838 -3.152540 0.622974
3.152351 -3.152540 0.826644
3.092911 -3.152540 1.026917
3.020761 -3.152540 1.222971
2.936199 -3.152540 1.413999
2.839571 -3.152540 1.599217
2.731275 -3.152540 1.777863
2.611755 -3.152540 1.949203
2.481503 -3.152540 2.112534
2.341054 -3.152540 2.267184
2.190985 -3.152540 2.412518
2.031913 -3.152540 2.547938
1.864491 -3.152540 2.672888
1.689408 -3.152540 2.786855
1.507382 -3.152540 2.889370
1.319163 -3.152540 2.980011
1.125522 -3.152540 3.058408
0.927257 -3.152540 3.124236
0.725181 -3.152540 3.177227
0.520126 -3.152540 3.217161
0.312933 -3.152540 3.243876
0.104454 -3.152540 3.257261
-0.104454 -3.152540 3.257261
-0.312933 -3.152540 3.243876
-0.520125 -3.152540 3.217161
-0.725182 -3.152540 3.177227
-0.927257 -3.152540 3.124236
-1.125522 -3.152540 3.058408
-1.319163 -3.152540 2.980011
-1.507382 -3.152540 2.889370
-1.689408 -3.152540 2.786855
-1.864491 -3.152540 2.672888
-2.031913 -3.152540 2.547938
-2.190985 -3.152540 2.412518
-2.341054 -3.152540 2.267184
-2.481503 -3.152540 2.112534
-2.611755 -3.152540 1.949204
-2.731275 -3.152540 1.777863
-2.839571 -3.152540 1.599216
-2.936199 -3.152540 1.413999
-3.020761 -3.152540 1.222971
-3.092911 -3.152540 1.026917
-3.152351 -3.152540 0.826644
-3.198838 -3.152540 0.622973
-3.232179 -3.152540 0.416743
-3.252239 -3.152540 0.208801
-3.258935 -3.152540 0.000000
2.981090 -3.656675 0.000000
2.974965 -3.656675 0.190999
2.956615 -3.656675 0.381213
2.926116 -3.656675 0.569861
2.883593 -3.656675 0.756167
2.829221 -3.656675 0.939366
2.763222 -3.656675 1.118705
2.685869 -3.656675 1.293447
2.597480 -3.656675 1.462873
2.498416 -3.656675 1.626289
2.389086 -3.656675 1.783021
2.269939 -3.656675 1.932427
2.141464 -3.656675 2.073892
2.004189 -3.656675 2.206835
1.858679 -3.656675 2.330710
1.705531 -3.656675 2.445007
1.545375 -3.656675 2.549258
1.378868 -3.656675 2.643032
1.206696 -3.656675 2.725946
1.029564 -3.656675 2.797659
0.848202 -3.656675 2.857875
0.663355 -3.656675 2.906348
0.475782 -3.656675 2.942878
0.286253 -3.656675 2.967315
0.095549 -3.656675 2.979558
-0.095549 -3.656675 2.979558
-0.286253 -3.656675 2.967315
-0.475781 -3.656675 2.942878
-0.663355 -3.656675 2.906348
-0.848202 -3.656675 2.857875
-1.029564 -3.656675 2.797659
-1.206696 -3.656675 2.725946
-1.378868 -3.656675 2.643032
-1.545375 -3.656675 2.549258
-1.705531 -3.656675 2.445007
-1.858679 -3.656675 2.330710
-2.004189 -3.656675 2.206835
-2.141464 -3.656675 2.073892
-2.269939 -3.656675 1.932427
-2.389086 -3.656675 1.783022
-2.498416 -3.656675 1.626288
-2.597480 -3.656675 1.462873
-2.685869 -3.656675 1.293446
-2.763222 -3.656675 1.118705
-2.829221 -3.656675 0.939366
-2.883593 -3.656675 0.756167
-2.926116 -3.656675 0.569861
-2.956615 -3.656675 0.381213
-2.974965 -3.656675 0.190999
-2.981090 -3.656675 0.000000
2.611182 -4.100749 0.000000
2.605817 -4.100749 0.167299
2.589744 -4.100749 0.333910
2.563029 -4.100749 0.499150
2.525783 -4.100749 0.662338
2.478157 -4.100749 0.822805
2.420348 -4.100749 0.979890
2.352593 -4.100749 1.132949
2.275172 -4.100749 1.281353
2.188400 -4.100749 1.424491
2.092637 -4.100749 1.561775
1.988274 -4.100749 1.692642
1.875741 -4.100749 1.816554
1.755500 -4.100749 1.933000
1.628045 -4.100749 2.041504
1.493901 -4.100749 2.141619
1.353617 -4.100749 2.232933
1.207771 -4.100749 2.315072
1.056963 -4.100749 2.387698
0.901811 -4.100749 2.450512
0.742953 -4.100749 2.503256
0.581043 -4.100749 2.545714
0.416744 -4.100749 2.577711
0.250733 -4.100749 2.599116
0.083692 -4.100749 2.609840
-0.083692 -4.100749 2.609840
-0.250733 -4.100749 2.599116
-0.416744 -4.100749 2.577711
-0.581043 -4.100749 2.545714
-0.742953 -4.100749 2.503256
-0.901811 -4.100749 2.450512
-1.056963 -4.100749 2.387698
-1.207771 -4.100749 2.315072
-1.353617 -4.100749 2.232933
-1.493901 -4.100749 2.141619
-1.628045 -4.100749 2.041504
-1.755500 -4.100749 1.933000
-1.875741 -4.100749 1.816554
-1.988274 -4.100749 1.692642
-2.092637 -4.100749 1.561775
-2.188401 -4.100749 1.424491
-2.275172 -4.100749 1.281353
-2.352593 -4.100749 1.132949
-2.420348 -4.100749 0.979890
-2.478157 -4.100749 0.822805
-2.525783 -4.100749 0.662338
-2.563030 -4.100749 0.499150
-2.589744 -4.100749 0.333910
-2.605817 -4.100749 0.167299
-2.611182 -4.100749 0.000000
2.139262 -4.471441 0.000000
2.134867 -4.471441 0.137063
2.121699 -4.471441 0.273563
2.099813 -4.471441 0.408938
2.069298 -4.471441 0.542634
2.030279 -4.471441 0.674099
1.982918 -4.471441 0.802795
1.927409 -4.471441 0.928191
1.863979 -4.471441 1.049774
1.792890 -4.471441 1.167042
1.714434 -4.471441 1.279515
1.628933 -4.471441 1.386731
1.536738 -4.471441 1.488248
1.438228 -4.471441 1.583649
1.333808 -4.471441 1.672543
1.223908 -4.471441 1.754564
1.108978 -4.471441 1.829375
0.989491 -4.471441 1.896669
0.865938 -4.471441 1.956169
0.738827 -4.471441 2.007630
0.608679 -4.471441 2.050842
0.476031 -4.471441 2.085627
0.341426 -4.471441 2.111841
0.205418 -4.471441 2.129377
0.068567 -4.471441 2.138163
-0.068567 -4.471441 2.138163
-0.205418 -4.471441 2.129377
-0.341426 -4.471441 2.111841
-0.476031 -4.471441 2.085627
-0.608679 -4.471441 2.050842
-0.738827 -4.471441 2.007630
-0.865938 -4.471441 1.956169
-0.989491 -4.471441 1.896669
-1.108978 -4.471441 1.829375
-1.223908 -4.471441 1.754564
-1.333808 -4.471441 1.672543
-1.438228 -4.471441 1.583649
-1.536738 -4.471441 1.488248
-1.628933 -4.471441 1.386731
-1.714434 -4.471441 1.279516
-1.792890 -4.471441 1.167042
-1.863979 -4.471441 1.049773
-1.927409 -4.471441 0.928191
-1.982918 -4.471441 0.802795
-2.030279 -4.471441 0.674099
-2.069298 -4.471441 0.542634
-2.099813 -4.471441 0.408938
-2.121699 -4.471441 0.273563
-2.134867 -4.471441 0.137063
-2.139262 -4.471441 0.000000
1.554604 -4.754760 0.000000
1.551410 -4.754760 0.099604
1.541841 -4.754760 0.198798
1.525936 -4.754760 0.297176
1.503761 -4.754760 0.394333
1.475406 -4.754760 0.489869
1.440989 -4.754760 0.583392
1.400650 -4.754760 0.674518
1.354556 -4.754760 0.762872
1.302895 -4.754760 0.848091
1.245881 -4.754760 0.929825
1.183747 -4.754760 1.007739
1.116749 -4.754760 1.081511
1.045162 -4.754760 1.150839
0.969280 -4.754760 1.215439
0.889415 -4.754760 1.275043
0.805895 -4.754760 1.329409
0.719064 -4.754760 1.378311
0.629278 -4.754760 1.421550
0.536906 -4.754760 1.458947
0.442328 -4.754760 1.490349
0.345932 -4.754760 1.515627
0.248115 -4.754760 1.534677
0.149278 -4.754760 1.547421
0.049828 -4.754760 1.553806
-0.049827 -4.754760 1.553806
-0.149278 -4.754760 1.547421
-0.248115 -4.754760 1.534677
-0.345932 -4.754760 1.515627
-0.442328 -4.754760 1.490349
-0.536906 -4.754760 1.458947
-0.629278 -4.754760 1.421550
-0.719064 -4.754760 1.378311
-0.805895 -4.754760 1.329409
-0.889415 -4.754760 1.275043
-0.969280 -4.754760 1.215439
-1.045162 -4.754760 1.150839
-1.116749 -4.754760 1.081511
-1.183747 -4.754760 1.007739
-1.245881 -4.754760 0.929825
-1.302896 -4.754760 0.848091
-1.354556 -4.754760 0.762872
-1.400650 -4.754760 0.674518
-1.440989 -4.754760 0.583392
-1.475406 -4.754760 0.489869
-1.503761 -4.754760 0.394333
-1.525936 -4.754760 0.297176
-1.541841 -4.754760 0.198798
-1.551410 -4.754760 0.099604
-1.554604 -4.754760 0.000000
0.845654 -4.936053 0.000000
0.843917 -4.936053 0.054181
0.838712 -4.936053 0.108140
0.830060 -4.936053 0.161654
0.817997 -4.936053 0.214504
0.802573 -4.936053 0.266473
0.783851 -4.936053 0.317346
0.761908 -4.936053 0.366916
0.736835 -4.936053 0.414977
0.708733 -4.936053 0.461334
0.677719 -4.936053 0.505795
0.643920 -4.936053 0.548177
0.607475 -4.936053 0.588307
0.568534 -4.936053 0.626019
0.527257 -4.936053 0.661159
0.483813 -4.936053 0.693582
0.438381 -4.936053 0.723155
0.391148 -4.936053 0.749757
0.342307 -4.936053 0.773277
0.292060 -4.936053 0.793620
0.240612 -4.936053 0.810702
0.188176 -4.936053 0.824452
0.134966 -4.936053 0.834815
0.081202 -4.936053 0.841747
0.027105 -4.936053 0.845220
-0.027105 -4.936053 0.845220
-0.081202 -4.936053 0.841747
-0.134966 -4.936053 0.834815
-0.188176 -4.936053 0.824452
-0.240612 -4.936053 0.810702
-0.292060 -4.936053 0.793620
-0.342307 -4.936053 0.773277
-0.391148 -4.936053 0.749757
-0.438381 -4.936053 0.723155
-0.483813 -4.936053 0.693582
-0.527257 -4.936053 0.661159
-0.568534 -4.936053 0.626019
-0.607475 -4.936053 0.588307
-0.643920 -4.936053 0.548177
-0.677719 -4.936053 0.505795
-0.708733 -4.936053 0.461334
-0.736835 -4.936053 0.414977
-0.761908 -4.936053 0.366916
-0.783851 -4.936053 0.317346
-0.802573 -4.936053 0.266473
-0.817997 -4.936053 0.214504
-0.830060 -4.936053 0.161654
-0.838712 -4.936053 0.108140
-0.843917 -4.936053 0.054181
-0.845654 -4.936053 0.000000
0.000000 -5.000000 0.000000
0.000000 -5.000000 0.000000
0.000000 -5.000000 0.000000
0.000000 -5.000000 0.000000
0.000000 -5.000000 0.000000
0.000000 -5.000000 0.000000
0.000000 -5.000000 0.000000
0.000000 -5.000000 0.000000
0.000000 -5.000000 0.000000
0.000000 -5.000000 0.000000
0.000000 -5.000000 0.000000
0.000000 -5.000000 0.000000
0.000000 -5.000000 0.000000
0.000000 -5.000000 0.000000
0.000000 -5.000000 0.000000
0.000000 -5.000000 0.000000
0.000000 -5.000000 0.000000
0.000000 -5.000000 0.000000
0.000000 -5.000000 0.000000
0.000000 -5.000000 0.000000
0.000000 -5.000000 0.000000
0.000000 -5.000000 0.000000
0.000000 -5.000000 0.000000
0.000000 -5.000000 0.000000
0.000000 -5.000000 0.000000
-0.000000 -5.000000 0.000000
-0.000000 -5.000000 0.000000
-0.000000 -5.000000 0.000000
-0.000000 -5.000000 0.000000
-0.000000 -5.000000 0.000000
-0.000000 -5.000000 0.000000
-0.000000 -5.000000 0.000000
-0.000000 -5.000000 0.000000
-0.000000 -5.000000 0.000000
-0.000000 -5.000000 0.000000
-0.000000 -5.000000 0.000000
-0.000000 -5.000000 0.000000
-0.000000 -5.000000 0.000000
-0.000000 -5.000000 0.000000
-0.000000 -5.000000 0.000000
-0.000000 -5.000000 0.000000
-0.000000 -5.000000 0.000000
-0.000000 -5.000000 0.000000
-0.000000 -5.000000 0.000000
-0.000000 -5.000000 0.000000
-0.000000 -5.000000 0.000000
-0.000000 -5.000000 0.000000
-0.000000 -5.000000 0.000000
-0.000000 -5.000000 0.000000
-0.000000 -5.000000 0.000000
